団体コード,都道府県名,団体名,財政力指数,経常収支比率,実質公債費比率,将来負担比率,ラスパイレス指数
3101,北海道,函館市,0.45,94.8,7.8,125.6,98.2
3102,北海道,小樽市,0.38,95.2,8.4,142.3,97.8
3103,北海道,旭川市,0.42,93.8,7.2,118.9,98.1
3201,青森県,弘前市,0.35,94.5,8.9,135.7,97.6
3202,青森県,八戸市,0.48,93.8,7.5,112.4,97.9
3301,岩手県,釜石市,0.32,92.8,9.2,145.8,97.5
3302,岩手県,一関市,0.28,93.5,8.8,132.6,97.4
3401,宮城県,石巻市,0.42,95.6,10.2,168.4,97.8
3402,宮城県,気仙沼市,0.35,94.2,9.8,155.7,97.6
3501,秋田県,横手市,0.25,92.8,8.5,128.9,97.3
3502,秋田県,大館市,0.28,93.2,8.2,122.4,97.4
3601,山形県,米沢市,0.45,94.5,7.8,115.6,97.8
3602,山形県,鶴岡市,0.38,93.8,8.1,125.7,97.6
3701,福島県,会津若松市,0.48,94.2,7.5,108.9,97.9
3702,福島県,いわき市,0.52,95.1,8.2,132.4,98.1
3801,茨城県,日立市,0.68,95.8,6.8,98.7,98.5
3802,茨城県,土浦市,0.72,94.5,6.5,92.4,98.6
3901,栃木県,足利市,0.65,93.8,7.2,105.6,98.4
3902,栃木県,小山市,0.68,94.2,6.8,95.8,98.5
4001,群馬県,高崎市,0.75,95.6,6.5,88.9,98.7
